## htsjdk.samtools.metrics.StringHeader
# CollectInsertSizeMetrics HISTOGRAM_FILE=/outputfolder/insertsizes/KASUMI-1_is_histogram.pdf MINIMUM_PCT=0.5 INPUT=/outputfolder/mapping/KASUMI-1/KASUMI-1.bam OUTPUT=/outputfolder/insertsizes/KASUMI-1_is_metrics.txt    DEVIATIONS=10.0 METRIC_ACCUMULATION_LEVEL=[ALL_READS] INCLUDE_DUPLICATES=false ASSUME_SORTED=true STOP_AFTER=0 VERBOSITY=INFO QUIET=false VALIDATION_STRINGENCY=STRICT COMPRESSION_LEVEL=5 MAX_RECORDS_IN_RAM=500000 CREATE_INDEX=false CREATE_MD5_FILE=false GA4GH_CLIENT_SECRETS=client_secrets.json USE_JDK_DEFLATER=false USE_JDK_INFLATER=false
## htsjdk.samtools.metrics.StringHeader
# Started on: Thu Aug 08 18:12:02 UTC 2024

## METRICS CLASS	picard.analysis.InsertSizeMetrics
MEDIAN_INSERT_SIZE	MODE_INSERT_SIZE	MEDIAN_ABSOLUTE_DEVIATION	MIN_INSERT_SIZE	MAX_INSERT_SIZE	MEAN_INSERT_SIZE	STANDARD_DEVIATION	READ_PAIRS	PAIR_ORIENTATION	WIDTH_OF_10_PERCENT	WIDTH_OF_20_PERCENT	WIDTH_OF_30_PERCENT	WIDTH_OF_40_PERCENT	WIDTH_OF_50_PERCENT	WIDTH_OF_60_PERCENT	WIDTH_OF_70_PERCENT	WIDTH_OF_80_PERCENT	WIDTH_OF_90_PERCENT	WIDTH_OF_95_PERCENT	WIDTH_OF_99_PERCENT	SAMPLE	LIBRARY	READ_GROUP
456	237	270	3	1118854	712.635163	732.336096	31479142	FR	195	311	393	463	541	835	2333	4773	11031	20697	69469			

## HISTOGRAM	java.lang.Integer
insert_size	All_Reads.fr_count
3	1
5	1
6	6
7	7
8	5
9	9
10	144
11	149
12	195
13	103
14	122
15	72
16	72
17	105
18	70
19	86
20	74
21	70
22	71
23	54
24	67
25	79
26	76
27	74
28	74
29	57
30	61
31	68
32	50
33	52
34	51
35	179
36	157
37	169
38	169
39	181
40	175
41	168
42	176
43	199
44	179
45	144
46	191
47	176
48	172
49	194
50	178
51	198
52	219
53	203
54	193
55	208
56	194
57	225
58	231
59	229
60	219
61	229
62	253
63	196
64	229
65	240
66	246
67	202
68	240
69	260
70	267
71	304
72	257
73	261
74	305
75	331
76	309
77	326
78	376
79	350
80	382
81	370
82	422
83	443
84	574
85	547
86	517
87	589
88	574
89	756
90	1231
91	807
92	781
93	927
94	938
95	1124
96	1094
97	1171
98	1351
99	1428
100	1710
101	1739
102	1797
103	2052
104	2258
105	2396
106	2704
107	2908
108	3246
109	3689
110	3981
111	4106
112	4537
113	4817
114	5036
115	5442
116	6384
117	6404
118	7183
119	7675
120	8352
121	8814
122	9230
123	9866
124	10081
125	11221
126	11455
127	12252
128	12896
129	14007
130	14762
131	15404
132	16262
133	16835
134	17598
135	17842
136	18949
137	19631
138	21067
139	21813
140	22290
141	23417
142	24225
143	25235
144	25719
145	26262
146	26982
147	27261
148	28249
149	29443
150	30523
151	31733
152	32390
153	33174
154	34227
155	34602
156	34716
157	35717
158	36365
159	37496
160	38249
161	39434
162	40244
163	41793
164	42242
165	42926
166	43284
167	43811
168	44794
169	45491
170	47318
171	47878
172	47864
173	50259
174	50858
175	51325
176	51709
177	52385
178	53386
179	54053
180	54627
181	55665
182	57057
183	57341
184	59583
185	60035
186	60208
187	61338
188	60415
189	61333
190	63199
191	64591
192	65856
193	65815
194	66923
195	68333
196	67370
197	67859
198	68946
199	69222
200	69451
201	70807
202	72095
203	72475
204	72794
205	74790
206	74957
207	74082
208	73885
209	75846
210	75467
211	75844
212	77259
213	77733
214	78493
215	79096
216	79339
217	80088
218	80885
219	79598
220	81514
221	81062
222	80824
223	81441
224	83219
225	82759
226	84220
227	84200
228	83998
229	84241
230	82846
231	82523
232	83026
233	83540
234	83012
235	83987
236	84013
237	84476
238	84308
239	83993
240	83834
241	82877
242	82878
243	83052
244	83100
245	83299
246	83518
247	83386
248	82613
249	82608
250	83439
251	83521
252	82061
253	82798
254	81380
255	81361
256	81155
257	82219
258	81273
259	82092
260	80288
261	80356
262	78601
263	79347
264	78196
265	78154
266	76962
267	77076
268	76621
269	75868
270	75858
271	76358
272	74569
273	74429
274	72998
275	72874
276	72770
277	72547
278	71647
279	71795
280	70948
281	70552
282	70343
283	69440
284	69470
285	68127
286	67441
287	67337
288	66360
289	66404
290	65339
291	65073
292	66044
293	63523
294	63207
295	62907
296	62317
297	62083
298	60752
299	61720
300	60841
301	61084
302	60531
303	59214
304	58705
305	57601
306	57722
307	56979
308	56990
309	57003
310	55325
311	54884
312	54900
313	54351
314	52922
315	52497
316	52324
317	51287
318	51055
319	50326
320	50575
321	50221
322	50224
323	49810
324	49372
325	48770
326	48068
327	47341
328	46377
329	45577
330	45548
331	45537
332	45261
333	45561
334	44881
335	44527
336	42769
337	42774
338	41965
339	42150
340	42086
341	41016
342	40231
343	40343
344	39342
345	39103
346	38923
347	38818
348	37605
349	37757
350	37006
351	37546
352	37266
353	36825
354	35184
355	34945
356	34788
357	34817
358	35053
359	34576
360	33317
361	33318
362	33458
363	32897
364	33801
365	32638
366	32255
367	31336
368	31596
369	30433
370	30740
371	29629
372	29394
373	29005
374	29402
375	29410
376	30134
377	28023
378	27854
379	27880
380	26966
381	26686
382	25846
383	24984
384	26581
385	25159
386	25742
387	25287
388	24761
389	24028
390	24195
391	24265
392	24047
393	23922
394	22926
395	23473
396	22939
397	22865
398	22139
399	22235
400	22428
401	22488
402	22054
403	21983
404	21722
405	21432
406	20526
407	20961
408	20476
409	20804
410	20200
411	19813
412	19442
413	19459
414	19561
415	19375
416	18950
417	18686
418	19076
419	18724
420	18549
421	18430
422	18005
423	17950
424	17987
425	17488
426	17287
427	17586
428	17650
429	17085
430	16961
431	17315
432	16766
433	17094
434	16656
435	15861
436	16089
437	16035
438	15627
439	15838
440	15397
441	15691
442	15371
443	15238
444	15189
445	14913
446	14561
447	14799
448	14602
449	15021
450	14156
451	14145
452	14799
453	13848
454	14457
455	14306
456	14344
457	13730
458	13539
459	13827
460	13609
461	13690
462	14152
463	13206
464	13222
465	12799
466	13359
467	13247
468	12914
469	12758
470	12440
471	12102
472	11987
473	12213
474	12032
475	12233
476	11880
477	11915
478	11897
479	12113
480	12015
481	11641
482	12095
483	11691
484	11260
485	11801
486	11628
487	12094
488	11899
489	11471
490	11255
491	11485
492	11165
493	11106
494	10828
495	10899
496	10425
497	10088
498	10423
499	10285
500	10342
501	10039
502	9995
503	10096
504	10110
505	9982
506	10279
507	10223
508	9912
509	9892
510	9590
511	9841
512	9893
513	10062
514	9815
515	9458
516	9664
517	9460
518	9579
519	9730
520	9600
521	9068
522	9126
523	9163
524	9221
525	9131
526	9085
527	8959
528	9137
529	8980
530	8562
531	8840
532	8761
533	8732
534	8607
535	8873
536	8289
537	8631
538	8569
539	8428
540	8891
541	8832
542	8705
543	8798
544	8569
545	8466
546	8697
547	8732
548	9027
549	8553
550	8775
551	8582
552	8759
553	8632
554	8591
555	8247
556	8297
557	7973
558	7927
559	8052
560	7740
561	8245
562	8299
563	8127
564	8193
565	8184
566	8135
567	7841
568	8080
569	8070
570	8298
571	8038
572	8418
573	8052
574	7978
575	8215
576	8226
577	7909
578	8073
579	8175
580	7916
581	7989
582	8025
583	7673
584	7574
585	7940
586	7849
587	7805
588	7647
589	7897
590	7559
591	7439
592	7718
593	8195
594	7800
595	8054
596	7915
597	8016
598	7651
599	8016
600	7551
601	8100
602	7183
603	7563
604	7577
605	7499
606	7745
607	7465
608	7432
609	7309
610	7158
611	7360
612	7458
613	7854
614	7417
615	7666
616	7207
617	7395
618	7188
619	7437
620	7459
621	6962
622	7105
623	6983
624	7158
625	7409
626	7217
627	7528
628	7435
629	7183
630	7265
631	7061
632	7046
633	7277
634	7773
635	7241
636	7281
637	6917
638	6738
639	7155
640	6896
641	7439
642	7071
643	7146
644	6907
645	7107
646	6927
647	7189
648	6741
649	7262
650	6873
651	7090
652	7264
653	7122
654	7129
655	7100
656	7039
657	6724
658	7124
659	7330
660	7186
661	7045
662	6923
663	7047
664	6996
665	7373
666	7148
667	7072
668	7006
669	7558
670	6979
671	6947
672	7009
673	7154
674	6861
675	6608
676	6913
677	6776
678	6668
679	6576
680	6732
681	6872
682	6864
683	7182
684	6593
685	6635
686	6544
687	6460
688	6577
689	6484
690	6375
691	7016
692	6661
693	6436
694	6844
695	6732
696	6631
697	6833
698	6701
699	6827
700	7117
701	6947
702	6864
703	7095
704	6904
705	6636
706	6637
707	6609
708	6743
709	6965
710	6933
711	6999
712	6900
713	7102
714	6868
715	6601
716	6737
717	6488
718	7083
719	6633
720	6614
721	7060
722	6666
723	7107
724	7100
725	6748
726	6657
727	6456
728	6685
729	6888
730	6572
731	6752
732	6633
733	6663
734	6797
735	6602
736	6549
737	6452
738	6221
739	6518
740	6603
741	6820
742	6892
743	6617
744	6223
745	6441
746	6499
747	6482
748	6803
749	6880
750	6731
751	6740
752	6750
753	6718
754	6011
755	6274
756	6407
757	6323
758	6455
759	6859
760	6830
761	6456
762	5977
763	6382
764	6377
765	6493
766	6276
767	6462
768	7035
769	6324
770	6388
771	6387
772	6783
773	6549
774	6621
775	6266
776	6484
777	5648
778	5836
779	5976
780	6152
781	5875
782	5729
783	5476
784	5798
785	5868
786	5689
787	5729
788	5616
789	5746
790	5850
791	5903
792	5934
793	5695
794	6067
795	5846
796	5577
797	5863
798	5477
799	5783
800	5419
801	5672
802	5467
803	5337
804	5481
805	5622
806	5561
807	5704
808	5782
809	5663
810	5615
811	5507
812	5434
813	5430
814	5588
815	5429
816	5445
817	5764
818	5641
819	5380
820	5630
821	5702
822	5303
823	5575
824	5743
825	5853
826	5630
827	5385
828	5450
829	5352
830	5433
831	5388
832	5743
833	5539
834	5638
835	5688
836	5494
837	5441
838	5513
839	5194
840	5216
841	5217
842	5106
843	5334
844	5256
845	5325
846	5127
847	5135
848	5332
849	5066
850	5300
851	5162
852	5438
853	5046
854	5148
855	5029
856	5031
857	5126
858	4971
859	4981
860	5076
861	5680
862	5141
863	5202
864	5414
865	4935
866	5005
867	5196
868	5093
869	5100
870	5031
871	5104
872	5140
873	5062
874	4814
875	4796
876	5047
877	4758
878	4718
879	4922
880	4729
881	4904
882	5067
883	4957
884	4842
885	4904
886	5059
887	4931
888	5017
889	5220
890	5090
891	4999
892	5463
893	5197
894	4954
895	5036
896	4944
897	4932
898	5000
899	4961
900	4802
901	4953
902	4920
903	4797
904	4548
905	4698
906	4747
907	4654
908	5137
909	4818
910	4552
911	5006
912	4766
913	4997
914	4913
915	4813
916	4604
917	4724
918	4868
919	4894
920	4898
921	4819
922	5069
923	4859
924	4967
925	5195
926	4726
927	4704
928	4924
929	4969
930	4849
931	5045
932	4934
933	4674
934	5040
935	4901
936	5017
937	4885
938	4879
939	4642
940	4982
941	4871
942	5024
943	4854
944	4932
945	4690
946	4803
947	4841
948	4843
949	4838
950	4973
951	4656
952	5076
953	4789
954	4838
955	5047
956	4871
957	4713
958	4739
959	4536
960	5027
961	4771
962	4735
963	4921
964	4857
965	4703
966	4765
967	4711
968	4848
969	5154
970	5004
971	4952
972	4795
973	4929
974	4882
975	4972
976	4863
977	4759
978	4999
979	4874
980	5091
981	4938
982	4897
983	4664
984	4894
985	4928
986	4793
987	4964
988	4827
989	4815
990	5057
991	5129
992	5150
993	5076
994	5210
995	5095
996	5197
997	4965
998	5443
999	5094
1000	5254
1001	5305
1002	5383
1003	5218
1004	5084
1005	4992
1006	5399
1007	5302
1008	5132
1009	5564
1010	5139
1011	5092
1012	5053
1013	5496
1014	5085
1015	5185
1016	5032
1017	5144
1018	5215
1019	5284
1020	5181
1021	5427
1022	5164
1023	5244
1024	5301
1025	5200
1026	5124
1027	5105
1028	5132
1029	5196
1030	5469
1031	5022
1032	5339
1033	5245
1034	4959
1035	5074
1036	4937
1037	4925
1038	4924
1039	4993
1040	5151
1041	5014
1042	5134
1043	4941
1044	5318
1045	5207
1046	5266
1047	5243
1048	5124
1049	5262
1050	4927
1051	5024
1052	4995
1053	4866
1054	4788
1055	4932
1056	4923
1057	4826
1058	5102
1059	5102
1060	4803
1061	4996
1062	4975
1063	4995
1064	4805
1065	4856
1066	4725
1067	4964
1068	4887
1069	4643
1070	4803
1071	4654
1072	4769
1073	4810
1074	4893
1075	4976
1076	4777
1077	5017
1078	4462
1079	4609
1080	4945
1081	4836
1082	4840
1083	5417
1084	5006
1085	4923
1086	5021
1087	5145
1088	4885
1089	5081
1090	4953
1091	4943
1092	4757
1093	5203
1094	5327
1095	5343
1096	5113
1097	5210
1098	4982
1099	4903
1100	4584
1101	4747
1102	4983
1103	4878
1104	4988
1105	4675
1106	4448
1107	4442
1108	4725
1109	4430
1110	4707
1111	4663
1112	4636
1113	4403
1114	4256
1115	4454
1116	4360
1117	4264
1118	4421
1119	4490
1120	4474
1121	4423
1122	4570
1123	4427
1124	4363
1125	4639
1126	4695
1127	4296
1128	4113
1129	4135
1130	4344
1131	4318
1132	4165
1133	4158
1134	4246
1135	4046
1136	4221
1137	4192
1138	4082
1139	4086
1140	4241
1141	4159
1142	4227
1143	4047
1144	3974
1145	3882
1146	4060
1147	3884
1148	4012
1149	4112
1150	3932
1151	3952
1152	3958
1153	3871
1154	3905
1155	3868
1156	3880
1157	3933
1158	3698
1159	3826
1160	3893
1161	3949
1162	3850
1163	3848
1164	4109
1165	4013
1166	3895
1167	3945
1168	3801
1169	3593
1170	3812
1171	3716
1172	3691
1173	3723
1174	3961
1175	3671
1176	3773
1177	4073
1178	3987
1179	3806
1180	3855
1181	3535
1182	3631
1183	3719
1184	3684
1185	4138
1186	3755
1187	3726
1188	3853
1189	3639
1190	3802
1191	3595
1192	3892
1193	3700
1194	3705
1195	4009
1196	3688
1197	3578
1198	3770
1199	3613
1200	3738
1201	3684
1202	3648
1203	3858
1204	3745
1205	3589
1206	3769
1207	3856
1208	3712
1209	3935
1210	3746
1211	3678
1212	3591
1213	3793
1214	3857
1215	3883
1216	3845
1217	3833
1218	3765
1219	3820
1220	3796
1221	3934
1222	4047
1223	3777
1224	4006
1225	3816
1226	3848
1227	3765
1228	3804
1229	3802
1230	3823
1231	3956
1232	3968
1233	4024
1234	4042
1235	4012
1236	3918
1237	4007
1238	3860
1239	3814
1240	3781
1241	3686
1242	3714
1243	3808
1244	3805
1245	3775
1246	3787
1247	3960
1248	3967
1249	4118
1250	4073
1251	4276
1252	3900
1253	3978
1254	4196
1255	4411
1256	3863
1257	4018
1258	4020
1259	4056
1260	4129
1261	3987
1262	4092
1263	4017
1264	3924
1265	4051
1266	3978
1267	4191
1268	4031
1269	4091
1270	3972
1271	3846
1272	4091
1273	3927
1274	4105
1275	4033
1276	4056
1277	4115
1278	3739
1279	4046
1280	4197
1281	4051
1282	4136
1283	4077
1284	4150
1285	4075
1286	4000
1287	3971
1288	4047
1289	4003
1290	3999
1291	3972
1292	3957
1293	3825
1294	3966
1295	4003
1296	3941
1297	3883
1298	4033
1299	4003
1300	3943
1301	4145
1302	3941
1303	3868
1304	3873
1305	4053
1306	4266
1307	4344
1308	4646
1309	4216
1310	4569
1311	4376
1312	4225
1313	4416
1314	4613
1315	4626
1316	4580
1317	4446
1318	4423
1319	4191
1320	4236
1321	3804
1322	4185
1323	4237
1324	4248
1325	4444
1326	4526
1327	4350
1328	3850
1329	4085
1330	4087
1331	4124
1332	4195
1333	3992
1334	4012
1335	4046
1336	4026
1337	3928
1338	4019
1339	3908
1340	3772
1341	3926
1342	3755
1343	3930
1344	3833
1345	3895
1346	3817
1347	4095
1348	3541
1349	4007
1350	3855
1351	4114
1352	3932
1353	4083
1354	3999
1355	3826
1356	4019
1357	4211
1358	3943
1359	3952
1360	3928
1361	4044
1362	3686
1363	3909
1364	3798
1365	3704
1366	3683
1367	3615
1368	3780
1369	3526
1370	3780
1371	3681
1372	3809
1373	3887
1374	3783
1375	3664
1376	3873
1377	3830
1378	3776
1379	3869
1380	3898
1381	3800
1382	3779
1383	3896
1384	3748
1385	3868
1386	3673
1387	3682
1388	3889
1389	3866
1390	3987
1391	3883
1392	3396
1393	3590
1394	3801
1395	3763
1396	3746
1397	3973
1398	3747
1399	3805
1400	3683
1401	3703
1402	3723
1403	3547
1404	3632
1405	3810
1406	3524
1407	3671
1408	3727
1409	3663
1410	3518
1411	3746
1412	3550
1413	3545
1414	3662
1415	3608
1416	3799
1417	3467
1418	3669
1419	3596
1420	3579
1421	3662
1422	3564
1423	3621
1424	3498
1425	3782
1426	3451
1427	3566
1428	3176
1429	3466
1430	3460
1431	3390
1432	3626
1433	3146
1434	3280
1435	3595
1436	3537
1437	3445
1438	3710
1439	3352
1440	3045
1441	3328
1442	3446
1443	3438
1444	3162
1445	3135
1446	3425
1447	3512
1448	3633
1449	3387
1450	3469
1451	3307
1452	3344
1453	3570
1454	3370
1455	3601
1456	3672
1457	3703
1458	3516
1459	3788
1460	3615
1461	3465
1462	3699
1463	3469
1464	3642
1465	3490
1466	3595
1467	3487
1468	3622
1469	3315
1470	3602
1471	3499
1472	3567
1473	3552
1474	3624
1475	3584
1476	3463
1477	3572
1478	3384
1479	3539
1480	3357
1481	3629
1482	3791
1483	4050
1484	3719
1485	3822
1486	3926
1487	3717
1488	3826
1489	3798
1490	3738
1491	3648
1492	3680
1493	3883
1494	3630
1495	3543
1496	3861
1497	3638
1498	3737
1499	3930
1500	3914
1501	3563
1502	3761
1503	3587
1504	3613
1505	3495
1506	4124
1507	3646
1508	3518
1509	3643
1510	3507
1511	3676
1512	3615
1513	3633
1514	3768
1515	3808
1516	3649
1517	3759
1518	3695
1519	3762
1520	3550
1521	3808
1522	3634
1523	4049
1524	4164
1525	4000
1526	4085
1527	3549
1528	3345
1529	3381
1530	3536
1531	3623
1532	3621
1533	3797
1534	3842
1535	3731
1536	3939
1537	4092
1538	3797
1539	3779
1540	3941
1541	3873
1542	4340
1543	3483
1544	3683
1545	3782
1546	3928
1547	4266
1548	4604
1549	4464
1550	4157
1551	4130
1552	3815
1553	3839
1554	3781
1555	3874
1556	4013
1557	3788
1558	3753
1559	4010
1560	3787
1561	3668
1562	3734
1563	3764
1564	3437
1565	3619
1566	3719
1567	3472
1568	3444
1569	3605
1570	3728
1571	3737
1572	3613
1573	3868
1574	3629
1575	3636
1576	3659
1577	3510
1578	3553
1579	3618
1580	3595
1581	3561
1582	3376
1583	3722
1584	3787
1585	4018
1586	3884
1587	3653
1588	3443
1589	3691
1590	3842
1591	3737
1592	4088
1593	4181
1594	3730
1595	3471
1596	3674
1597	3567
1598	3964
1599	3878
1600	3701
1601	3788
1602	3766
1603	3790
1604	3693
1605	3937
1606	3646
1607	3769
1608	3500
1609	3712
1610	3837
1611	3684
1612	3922
1613	4008
1614	4056
1615	3934
1616	3681
1617	3958
1618	3693
1619	3902
1620	3913
1621	4080
1622	4298
1623	4060
1624	4072
1625	4113
1626	4054
1627	4021
1628	4348
1629	4301
1630	4009
1631	4029
1632	4021
1633	4050
1634	4325
1635	4466
1636	4510
1637	4353
1638	4205
1639	4700
1640	4683
1641	4351
1642	4183
1643	4340
1644	4347
1645	4212
1646	4091
1647	4160
1648	3965
1649	3931
1650	3629
1651	3763
1652	3885
1653	3689
1654	3542
1655	3827
1656	3613
1657	4024
1658	3910
1659	3847
1660	3901
1661	3919
1662	3915
1663	3721
1664	3765
1665	3777
1666	3639
1667	3620
1668	3867
1669	3630
1670	3657
1671	3690
1672	3779
1673	3686
1674	3686
1675	3503
1676	3703
1677	3551
1678	3449
1679	3440
1680	3472
1681	3596
1682	3591
1683	3685
1684	3670
1685	3663
1686	3684
1687	3623
1688	3639
1689	3645
1690	3581
1691	3760
1692	3579
1693	3767
1694	3769
1695	3712
1696	3459
1697	3731
1698	3604
1699	3453
1700	3736
1701	3539
1702	3716
1703	3703
1704	3549
1705	3646
1706	3504
1707	3797
1708	3505
1709	3556
1710	3708
1711	3806
1712	3695
1713	3850
1714	3814
1715	3481
1716	3658
1717	3600
1718	3862
1719	3621
1720	3850
1721	3844
1722	3984
1723	3871
1724	3897
1725	3730
1726	3935
1727	3912
1728	3760
1729	3765
1730	3887
1731	3826
1732	3717
1733	3847
1734	3777
1735	3852
1736	3995
1737	3621
1738	3599
1739	3753
1740	3789
1741	3773
1742	3640
1743	3596
1744	3707
1745	3534
1746	3532
1747	3484
1748	3374
1749	3494
1750	3448
1751	3435
1752	3401
1753	3618
1754	3718
1755	3589
1756	3418
1757	3387
1758	3464
1759	3500
1760	3461
1761	3291
1762	3345
1763	3419
1764	3485
1765	3563
1766	3520
1767	3673
1768	3536
1769	3822
1770	3696
1771	3680
1772	3510
1773	3664
1774	3419
1775	3420
1776	3469
1777	3358
1778	3313
1779	3309
1780	3242
1781	3189
1782	3211
1783	3119
1784	3128
1785	3471
1786	3203
1787	3177
1788	3286
1789	3120
1790	3146
1791	3092
1792	3234
1793	3215
1794	3059
1795	3249
1796	3196
1797	3057
1798	3137
1799	3165
1800	3094
1801	3307
1802	3196
1803	3352
1804	3260
1805	3202
1806	3451
1807	3292
1808	3402
1809	3356
1810	3116
1811	3262
1812	3322
1813	3397
1814	3385
1815	3194
1816	3123
1817	3213
1818	3059
1819	3107
1820	2964
1821	2844
1822	2958
1823	3329
1824	3033
1825	2950
1826	2741
1827	2952
1828	2612
1829	2763
1830	2722
1831	2774
1832	2909
1833	2734
1834	2788
1835	2734
1836	2808
1837	2893
1838	2806
1839	2736
1840	2896
1841	2851
1842	2965
1843	2791
1844	2732
1845	2804
1846	2830
1847	2604
1848	2737
1849	2614
1850	2656
1851	2639
1852	2757
1853	2865
1854	2766
1855	2854
1856	2695
1857	2763
1858	2743
1859	2847
1860	2701
1861	2630
1862	2950
1863	2772
1864	2993
1865	2905
1866	2689
1867	2773
1868	2811
1869	2863
1870	2922
1871	2696
1872	2858
1873	2956
1874	2952
1875	2705
1876	2669
1877	2715
1878	2624
1879	2748
1880	2926
1881	2783
1882	2813
1883	2931
1884	2823
1885	2815
1886	2693
1887	2876
1888	2833
1889	2830
1890	2885
1891	2735
1892	2805
1893	2877
1894	2754
1895	2735
1896	2829
1897	2838
1898	2775
1899	2724
1900	2918
1901	3080
1902	2925
1903	3193
1904	3098
1905	2869
1906	2695
1907	2864
1908	2794
1909	2652
1910	2636
1911	2494
1912	2616
1913	2763
1914	2649
1915	2767
1916	2741
1917	2723
1918	2780
1919	2718
1920	2690
1921	2905
1922	2896
1923	2674
1924	2687
1925	2613
1926	2687
1927	2598
1928	2553
1929	2701
1930	2721
1931	2561
1932	2496
1933	2611
1934	2639
1935	2614
1936	2880
1937	2784
1938	2867
1939	2671
1940	2560
1941	2695
1942	2838
1943	2630
1944	2625
1945	2700
1946	2682
1947	2568
1948	2748
1949	2715
1950	2711
1951	2723
1952	2861
1953	2881
1954	2934
1955	2826
1956	2679
1957	2651
1958	2665
1959	2704
1960	2686
1961	2693
1962	2737
1963	2551
1964	2696
1965	2718
1966	2719
1967	2453
1968	2761
1969	2858
1970	2686
1971	2658
1972	2741
1973	2554
1974	2896
1975	2856
1976	2657
1977	2682
1978	2765
1979	2776
1980	2787
1981	2934
1982	2795
1983	2812
1984	2713
1985	2739
1986	2817
1987	2692
1988	2795
1989	2785
1990	2749
1991	2678
1992	2916
1993	2914
1994	2976
1995	2874
1996	3017
1997	2884
1998	2908
1999	2841
2000	2764
2001	2824
2002	2671
2003	2789
2004	2591
2005	2707
2006	2654
2007	2761
2008	2715
2009	2811
2010	2671
2011	2643
2012	2579
2013	2831
2014	3021
2015	2875
2016	2789
2017	2844
2018	2807
2019	3026
2020	2948
2021	2890
2022	3030
2023	3091
2024	3082
2025	3112
2026	2942
2027	2905
2028	2879
2029	2830
2030	3021
2031	2951
2032	2878
2033	2902
2034	2750
2035	2874
2036	2957
2037	2962
2038	3013
2039	2886
2040	3210
2041	3086
2042	2994
2043	3267
2044	3022
2045	3112
2046	3136
2047	2909
2048	3199
2049	2982
2050	3043
2051	3114
2052	2834
2053	3076
2054	3001
2055	3041
2056	3038
2057	2994
2058	3083
2059	3049
2060	2823
2061	3062
2062	3129
2063	3260
2064	3346
2065	3220
2066	3192
2067	2919
2068	3001
2069	3166
2070	3047
2071	3161
2072	3581
2073	3350
2074	3278
2075	3221
2076	3223
2077	3414
2078	2943
2079	3136
2080	3092
2081	3370
2082	3353
2083	3197
2084	3204
2085	3037
2086	2900
2087	3062
2088	3369
2089	3138
2090	3099
2091	3368
2092	2997
2093	2864
2094	3004
2095	2978
2096	3005
2097	3084
2098	2800
2099	3000
2100	2893
2101	3141
2102	2924
2103	2813
2104	2883
2105	2908
2106	2946
2107	2839
2108	2921
2109	2962
2110	3028
2111	2817
2112	2887
2113	2870
2114	2872
2115	2839
2116	2694
2117	2631
2118	2771
2119	2842
2120	2922
2121	3034
2122	3044
2123	2892
2124	3052
2125	2834
2126	2899
2127	2924
2128	2993
2129	2844
2130	2765
2131	2822
2132	2916
2133	2976
2134	3053
2135	2962
2136	2826
2137	2589
2138	2648
2139	2710
2140	2687
2141	2763
2142	2811
2143	2843
2144	2657
2145	2870
2146	2828
2147	2956
2148	2801
2149	2705
2150	2664
2151	2803
2152	2731
2153	2769
2154	2573
2155	2653
2156	2473
2157	2535
2158	2635
2159	2597
2160	2542
2161	2565
2162	2772
2163	2623
2164	2585
2165	2520
2166	2521
2167	2481
2168	2646
2169	2573
2170	2608
2171	2642
2172	2576
2173	2493
2174	2403
2175	2522
2176	2599
2177	2402
2178	2490
2179	2582
2180	2257
2181	2406
2182	2328
2183	2239
2184	2473
2185	2332
2186	2363
2187	2292
2188	2352
2189	2381
2190	2337
2191	2363
2192	2329
2193	2346
2194	2472
2195	2383
2196	2497
2197	2329
2198	2299
2199	2227
2200	2352
2201	2387
2202	2376
2203	2400
2204	2422
2205	2564
2206	2414
2207	2386
2208	2419
2209	2547
2210	2634
2211	2632
2212	2362
2213	2411
2214	2209
2215	2444
2216	2243
2217	2490
2218	2425
2219	2538
2220	2484
2221	2313
2222	2361
2223	2442
2224	2461
2225	2411
2226	2396
2227	2340
2228	2394
2229	2419
2230	2320
2231	2282
2232	2249
2233	2333
2234	2424
2235	2477
2236	2287
2237	2317
2238	2351
2239	2374
2240	2558
2241	2487
2242	2470
2243	2455
2244	2568
2245	2680
2246	2532
2247	2422
2248	2459
2249	2568
2250	2600
2251	2555
2252	2459
2253	2488
2254	2670
2255	2452
2256	2474
2257	2426
2258	2421
2259	2417
2260	2543
2261	2475
2262	2365
2263	2420
2264	2514
2265	2343
2266	2455
2267	2550
2268	2614
2269	2398
2270	2446
2271	2378
2272	2396
2273	2346
2274	2201
2275	2346
2276	2331
2277	2242
2278	2411
2279	2415
2280	2497
2281	2529
2282	2353
2283	2347
2284	2389
2285	2405
2286	2404
2287	2556
2288	2569
2289	2418
2290	2442
2291	2353
2292	2438
2293	2437
2294	2355
2295	2477
2296	2431
2297	2346
2298	2446
2299	2479
2300	2481
2301	2482
2302	2418
2303	2338
2304	2276
2305	2375
2306	2589
2307	2335
2308	2402
2309	2616
2310	2517
2311	2544
2312	2520
2313	2530
2314	2449
2315	2693
2316	2562
2317	2564
2318	2671
2319	2700
2320	2515
2321	2656
2322	2440
2323	2232
2324	2501
2325	2611
2326	2444
2327	2535
2328	2614
2329	2564
2330	2352
2331	2443
2332	2689
2333	2486
2334	2422
2335	2622
2336	2332
2337	2495
2338	2379
2339	2494
2340	2685
2341	2463
2342	2596
2343	2594
2344	2549
2345	2594
2346	2664
2347	2549
2348	2807
2349	2473
2350	2521
2351	2537
2352	2497
2353	2679
2354	2573
2355	2649
2356	2848
2357	2425
2358	2609
2359	2453
2360	2479
2361	2605
2362	2520
2363	2516
2364	2581
2365	2632
2366	2635
2367	2529
2368	2451
2369	2355
2370	2512
2371	2442
2372	2449
2373	2489
2374	2267
2375	2442
2376	2372
2377	2384
2378	2419
2379	2386
2380	2390
2381	2334
2382	2185
2383	2349
2384	2585
2385	2488
2386	2483
2387	2515
2388	2513
2389	2404
2390	2367
2391	2548
2392	2460
2393	2609
2394	2440
2395	2325
2396	2421
2397	2282
2398	2393
2399	2616
2400	2389
2401	2276
2402	2219
2403	2209
2404	2243
2405	2233
2406	2121
2407	2114
2408	2392
2409	2282
2410	2265
2411	2350
2412	2081
2413	2202
2414	2244
2415	2178
2416	2300
2417	2350
2418	2281
2419	2255
2420	2130
2421	2281
2422	2234
2423	2344
2424	2168
2425	2201
2426	2311
2427	2268
2428	2244
2429	2213
2430	2406
2431	2357
2432	2090
2433	2194
2434	2088
2435	2138
2436	2080
2437	1999
2438	2159
2439	2274
2440	2021
2441	2208
2442	2020
2443	2046
2444	2072
2445	2139
2446	2019
2447	2048
2448	2075
2449	2118
2450	1970
2451	2110
2452	2105
2453	1954
2454	2202
2455	1943
2456	1967
2457	1968
2458	2055
2459	2016
2460	2080
2461	2082
2462	2043
2463	1994
2464	2000
2465	1976
2466	2077
2467	2034
2468	2050
2469	1995
2470	2300
2471	2137
2472	2184
2473	2148
2474	2082
2475	2048
2476	2046
2477	2027
2478	2084
2479	2039
2480	2034
2481	2081
2482	1983
2483	2003
2484	1898
2485	2103
2486	2214
2487	2014
2488	2123
2489	1982
2490	2013
2491	1893
2492	2099
2493	2072
2494	1899
2495	1919
2496	1922
2497	1916
2498	2031
2499	1940
2500	2019
2501	1943
2502	1890
2503	2034
2504	2032
2505	2033
2506	2070
2507	1964
2508	2017
2509	1993
2510	2095
2511	2192
2512	2138
2513	2043
2514	2004
2515	2059
2516	2032
2517	1953
2518	2036
2519	1958
2520	1955
2521	1953
2522	1972
2523	1897
2524	1972
2525	1940
2526	1901
2527	1879
2528	1871
2529	1952
2530	1898
2531	1848
2532	1942
2533	1871
2534	1873
2535	1753
2536	2048
2537	1881
2538	1944
2539	1906
2540	1973
2541	1850
2542	1871
2543	1890
2544	1865
2545	1829
2546	1825
2547	1789
2548	1778
2549	1853
2550	1881
2551	1852
2552	1886
2553	1833
2554	1913
2555	1938
2556	1909
2557	2042
2558	2006
2559	1835
2560	2000
2561	1953
2562	2007
2563	1894
2564	1902
2565	1960
2566	1993
2567	1805
2568	1951
2569	1894
2570	1918
2571	1952
2572	1938
2573	1902
2574	1859
2575	1850
2576	1771
2577	1849
2578	1972
2579	1898
2580	1819
2581	1948
2582	1931
2583	1998
2584	1881
2585	2131
2586	1925
2587	1950
2588	1911
2589	1857
2590	1794
2591	1951
2592	1927
2593	1984
2594	2037
2595	1975
2596	1972
2597	2032
2598	1864
2599	1940
2600	1940
2601	1948
2602	2062
2603	2041
2604	1956
2605	2195
2606	2066
2607	1971
2608	1881
2609	1942
2610	1981
2611	1914
2612	2013
2613	1978
2614	1784
2615	1861
2616	1924
2617	1966
2618	1902
2619	1834
2620	1885
2621	2089
2622	1996
2623	1913
2624	1871
2625	1753
2626	1797
2627	1835
2628	1890
2629	1923
2630	1801
2631	1916
2632	1922
2633	1972
2634	1988
2635	1954
2636	2140
2637	2045
2638	1859
2639	2062
2640	2020
2641	1980
2642	1837
2643	2051
2644	1916
2645	1963
2646	1896
2647	1879
2648	1995
2649	1888
2650	1979
2651	1725
2652	2037
2653	2006
2654	1950
2655	2132
2656	2068
2657	1815
2658	1908
2659	2073
2660	2001
2661	2079
2662	2086
2663	2101
2664	2145
2665	1962
2666	1933
2667	2002
2668	1878
2669	1974
2670	2014
2671	2157
2672	1931
2673	2078
2674	2007
2675	1982
2676	1824
2677	1963
2678	1927
2679	1813
2680	1926
2681	1959
2682	1923
2683	1903
2684	1857
2685	1973
2686	1897
2687	1848
2688	1967
2689	2098
2690	1913
2691	1903
2692	1978
2693	1901
2694	1943
2695	1863
2696	1901
2697	1859
2698	1918
2699	1929
2700	2081
2701	1935
2702	1995
2703	1969
2704	1936
2705	1929
2706	1866
2707	2061
2708	2047
2709	2041
2710	1945
2711	1916
2712	1851
2713	1902
2714	1978
2715	1939
2716	2029
2717	2021
2718	2071
2719	2018
2720	1825
2721	1958
2722	1836
2723	1822
2724	1900
2725	1858
2726	1860
2727	1934
2728	1880
2729	2012
2730	2003
2731	2002
2732	1947
2733	1826
2734	1878
2735	1902
2736	2055
2737	2067
2738	2003
2739	1945
2740	1776
2741	1819
2742	1987
2743	1809
2744	1839
2745	1870
2746	1952
2747	1930
2748	1836
2749	1819
2750	1894
2751	1946
2752	1835
2753	1893
2754	1886
2755	2010
2756	1889
2757	1855
2758	1894
2759	2063
2760	1993
2761	2133
2762	2055
2763	1948
2764	2125
2765	2095
2766	2181
2767	2175
2768	2017
2769	2028
2770	2009
2771	1935
2772	2097
2773	2054
2774	2061
2775	1912
2776	1894
2777	1792
2778	1874
2779	1834
2780	1951
2781	1916
2782	1830
2783	1822
2784	1846
2785	1690
2786	1751
2787	1788
2788	1753
2789	1780
2790	1789
2791	1652
2792	1806
2793	1820
2794	1761
2795	1581
2796	1644
2797	1514
2798	1856
2799	1960
2800	1806
2801	1720
2802	1793
2803	1730
2804	1797
2805	1862
2806	1819
2807	1706
2808	1837
2809	1613
2810	1823
2811	1674
2812	1755
2813	1658
2814	1896
2815	1858
2816	2011
2817	1845
2818	1706
2819	1739
2820	1772
2821	1792
2822	1801
2823	1795
2824	1624
2825	1792
2826	1728
2827	1677
2828	1765
2829	1756
2830	1684
2831	1767
2832	1791
2833	1757
2834	1666
2835	1900
2836	1708
2837	1687
2838	1706
2839	1897
2840	1897
2841	1950
2842	1973
2843	1764
2844	1878
2845	1913
2846	1774
2847	1711
2848	1727
2849	1833
2850	1606
2851	1709
2852	1755
2853	1784
2854	1681
2855	1825
2856	1823
2857	1764
2858	1661
2859	1704
2860	1873
2861	1770
2862	1738
2863	1764
2864	1704
2865	1781
2866	1598
2867	1676
2868	1623
2869	1636
2870	1743
2871	1520
2872	1545
2873	1649
2874	1682
2875	1578
2876	1717
2877	1641
2878	1566
2879	1646
2880	1695
2881	1759
2882	1630
2883	1785
2884	1650
2885	1726
2886	1738
2887	1700
2888	1739
2889	1708
2890	1654
2891	1483
2892	1601
2893	1599
2894	1670
2895	1608
2896	1637
2897	1592
2898	1672
2899	1665
2900	1646
2901	1746
2902	1667
2903	1717
2904	1562
2905	1553
2906	1650
2907	1443
2908	1692
2909	1691
2910	1775
2911	1734
2912	1670
2913	1682
2914	1553
2915	1583
2916	1657
2917	1645
2918	1839
2919	1946
2920	1683
2921	1619
2922	1619
2923	1502
2924	1703
2925	1547
2926	1574
2927	1602
2928	1617
2929	1459
2930	1538
2931	1574
2932	1443
2933	1377
2934	1488
2935	1465
2936	1373
2937	1427
2938	1349
2939	1409
2940	1509
2941	1478
2942	1469
2943	1394
2944	1471
2945	1443
2946	1441
2947	1270
2948	1399
2949	1413
2950	1406
2951	1232
2952	1533
2953	1394
2954	1387
2955	1542
2956	1232
2957	1429
2958	1338
2959	1447
2960	1250
2961	1327
2962	1325
2963	1363
2964	1322
2965	1424
2966	1443
2967	1361
2968	1367
2969	1529
2970	1613
2971	1493
2972	1370
2973	1323
2974	1394
2975	1517
2976	1461
2977	1436
2978	1348
2979	1468
2980	1466
2981	1546
2982	1511
2983	1453
2984	1331
2985	1446
2986	1558
2987	1392
2988	1505
2989	1662
2990	1370
2991	1397
2992	1499
2993	1434
2994	1512
2995	1410
2996	1476
2997	1436
2998	1517
2999	1376
3000	1457
3001	1428
3002	1512
3003	1456
3004	1368
3005	1390
3006	1451
3007	1450
3008	1478
3009	1553
3010	1331
3011	1498
3012	1484
3013	1556
3014	1490
3015	1439
3016	1358
3017	1476
3018	1448
3019	1404
3020	1456
3021	1513
3022	1436
3023	1496
3024	1428
3025	1454
3026	1438
3027	1346
3028	1466
3029	1443
3030	1338
3031	1527
3032	1414
3033	1613
3034	1518
3035	1648
3036	1435
3037	1622
3038	1434
3039	1526
3040	1450
3041	1669
3042	1547
3043	1608
3044	1426
3045	1467
3046	1468
3047	1521
3048	1645
3049	1534
3050	1575
3051	1590
3052	1733
3053	1558
3054	1552
3055	1530
3056	1521
3057	1658
3058	1567
3059	1564
3060	1613
3061	1637
3062	1572
3063	1682
3064	1697
3065	1601
3066	1625
3067	1618
3068	1720
3069	1672
3070	1608
3071	1665
3072	1575
3073	1666
3074	1584
3075	1450
3076	1603
3077	1718
3078	1584
3079	1608
3080	1691
3081	1593
3082	1522
3083	1584
3084	1540
3085	1544
3086	1575
3087	1581
3088	1570
3089	1621
3090	1633
3091	1702
3092	1706
3093	1733
3094	1565
3095	1589
3096	1650
3097	1710
3098	1625
3099	1601
3100	1586
3101	1477
3102	1548
3103	1498
3104	1591
3105	1642
3106	1610
3107	1430
3108	1476
3109	1529
3110	1518
3111	1565
3112	1430
3113	1494
3114	1546
3115	1463
3116	1595
3117	1465
3118	1549
3119	1633
3120	1510
3121	1470
3122	1524
3123	1484
3124	1549
3125	1544
3126	1506
3127	1480
3128	1467
3129	1471
3130	1451
3131	1402
3132	1385
3133	1621
3134	1551
3135	1552
3136	1484
3137	1415
3138	1532
3139	1460
3140	1457
3141	1299
3142	1577
3143	1618
3144	1680
3145	1650
3146	1737
3147	1795
3148	2003
3149	2044
3150	2083
3151	1789
3152	1567
3153	1530
3154	1754
3155	1917
3156	2314

